N:                                                            2
Error:              0.000000014901161
N:                                                            4
Error:              0.000000014901161
N:                                                            8
Error:              0.000000014901161
