N:                                                            1
Error:          0.455917708352330E+00
N:                                                            2
Error:          0.799374567961557E+00
N:                                                            4
Error:          0.107522830214927E+00
N:                                                            8
Error:          0.245939868338015E-01